[solid]
diffuse = 1.000000  0.215686  0.000000  1.000000
specular = 0.500000  0.107843  0.000000  1.000000
specularPower = 97.005821
emissive = 0.000000  0.000000  0.000000  1.000000
ambient = 0.000000  0.000000  0.000000  1.000000
