[solid]
diffuse = 0.800000  0.523080  0.000000  1.000000
specular = 0.000000  0.000000  0.000000  1.000000
specularPower = 20.000000
emissive = 1.000000  0.653850  0.000000  1.000000
ambient = 0.000000  0.000000  0.000000  1.000000
