[solid]
diffuse = 0.588000  0.588000  0.588000  1.000000
specular = 0.900000  0.900000  0.900000  1.000000
specularPower = 32.000000
emissive = 0.000000  0.000000  0.000000  1.000000
ambient = 0.588000  0.588000  0.588000  1.000000


[texture]
diffuse = isvisor00.dds
