[solid]
diffuse = 0.692071  0.000000  0.010907  1.000000
specular = 0.346036  0.000000  0.005453  1.000000
specularPower = 97.005821
emissive = 0.000000  0.000000  0.000000  1.000000
ambient = 0.000000  0.000000  0.000000  1.000000
