[solid]
diffuse = 0.000000  0.392157  1.000000  1.000000
specular = 0.498039  0.454902  0.407843  1.000000
specularPower = 32.000000 //97.005821
emissive = 0.000000  0.000000  0.000000  1.000000
ambient = 0.000000  0.392157  1.000000  1.000000
